___________________________________tablero 1___________________________________
[[0,  0, 0,  0,  0 ],[1,  0, 0,  0, -1 ],[0,  0, 0,  0, -1 ],[0,  0, 17,  0, -1 ]]

**********semilla**********
[  ][  ][  ][  ][  ]
[1 ][  ][  ][  ][**]
[  ][  ][  ][  ][**]
[  ][  ][17][  ][**]

**********generado**********
[[0,0,0,0,6],[1,0,8,7,-1],[10,0,0,0,-1],[12,13,17,16,-1]]

[0, 0, 0, 0, 6 ],
[1, 0, 8, 7, -1],
[10,0, 0, 0, -1],
[12,13,17,16,-1]


**********solucion**********
[2, 3, 4, 5, 6 ]
[1, 9, 8, 7, -1]
[10,11,14,15,-1]
[12,13,17,16,-1]

__________________________________tablero 2___________________________________
[[0,  0, 0,  0,  0 ],[1,  0, 0,  0, -1 ],[0,  0, 0,  0,  0 ],[0,  0, 0,  0, -1 ],[0,  0, 0,  0, -1 ],[0,  0, 28,  0, -1 ],[0, -1,-1,  0, -1 ]]

**********semilla**********
[  ][  ][  ][  ][  ]
[1 ][  ][  ][  ][**]
[  ][  ][  ][  ][  ]
[  ][  ][  ][  ][**]
[  ][  ][  ][  ][**]
[  ][  ][28][  ][**]
[  ][**][**][  ][**]

**********generado**********
[0 , 0 , 0 , 0,  6 ]
[1 , 0 , 8 , 7,  -1]
[10, 11, 0 , 0,  0 ]
[0 , 17, 16, 15, -1]
[19, 0 , 0 , 0,  -1]
[0 , 23, 28, 0,  -1]
[22, -1, -1, 27, -1]

**********solucion**********
[2,3,4,5,6],
[1,9,8,7,-1],
[10,11,12,13,14],
[18,17,16,15,-1],
[19,20,24,25,-1],
[21,23,28,26,-1],
[22,-1,-1,27,-1]]


___________________________________tablero 3___________________________________
[[0 , -1, -1,  0, -1 ],[1 ,  0,  0,  0, -1 ],[0 ,  0,  0,  0,  0 ],[-1,  0,  0,  0, -1 ],[-1,  0,  0,  0, -1 ],[-1, -1, 20,  0, -1 ],[-1, -1, -1,  0, -1 ]]

**********semilla**********
[  ][**][**][  ][**]
[1 ][  ][  ][  ][**]
[  ][  ][  ][  ][  ]
[**][  ][  ][  ][**]
[**][  ][  ][  ][**]
[**][**][20][  ][**]
[**][**][**][  ][**]

**********generado**********
[0 , -1 , -1 , 0 , -1],
[1 , 0  , 4  , 6 , -1],
[0 , 8  , 0  , 0 ,  0],
[-1, 0  , 12 , 0 , -1],
[-1, 11 , 16 , 0 , -1],
[-1, -1 , 20 , 0 , -1],
[-1, -1 , -1 , 19, -1]

**********solucion**********
[2 , -1, -1 ,5  , -1 ],
[1 , 3 , 4  ,6  , -1 ],
[9 , 8 , 7  ,13 , 14 ],
[-1, 10, 12 ,15 , -1 ],
[-1, 11, 16 ,17 , -1 ],
[-1, -1, 20 ,18 , -1 ],
[-1, -1, -1 ,19 , -1 ]


___________________________________tablero 4___________________________________
[[0, 0 , 0,  0, -1,  0,  0 ],[0, 1 , 0,  0, 0,  0, -1 ],[0, 0 , 0,  0, 0,  0, -1 ],[0, 0 , 0,  0, 0,  30, -1 ],[0, -1 , 0,  0, 0, 0,  0 ]]

***********semilla***********
[  ][  ][  ][  ][**][  ][  ] 
[  ][1 ][  ][  ][  ][  ][**] 
[  ][  ][  ][  ][  ][  ][**] 
[  ][  ][  ][  ][  ][30][**] 
[  ][**][  ][  ][  ][  ][  ]

**********generado**********
[  ][  ][  ][ 5][**][  ][  ]
[  ][1 ][6 ][  ][8 ][  ][**]
[  ][  ][  ][  ][12][13][**]
[  ][  ][23][  ][14][30][**]
[21][**][25][26][  ][  ][  ]

**********solucion**********
[2,  3 , 4 , 5,  -1, 9,  10]
[18, 1 , 6 , 7,  8,  11, -1]
[19, 17, 16, 15, 12, 13, -1]
[20, 22, 23, 24, 14, 30, -1]
[21, -1, 25, 26, 27, 28, 29]
