__________________________________________Caso del PDF_________________________________________
[[0  ,33 ,35 ,0  ,0  ,-1 ,-1 ,-1 ], [0  ,0  ,24 ,22 ,0  ,-1 ,-1 ,-1 ], [0  ,0  ,0  ,21 ,0  ,0  ,-1 ,-1 ], [0  ,26 ,0  ,13 ,40 ,11 ,-1, -1 ], [27 ,0  ,0  ,0  ,9  ,0  ,1  ,-1 ], [-1 ,-1 ,0  ,0  ,18 ,0  ,0  ,-1 ], [-1 ,-1 ,-1 ,-1 ,0  ,7  ,0  ,0  ], [-1 ,-1 ,-1 ,-1 ,-1 ,-1 ,5  ,0  ]]

[   
    [0  ,33 ,35 ,0  ,0  ,-1 ,-1 ,-1 ],
    [0  ,0  ,24 ,22 ,0  ,-1 ,-1 ,-1 ],
    [0  ,0  ,0  ,21 ,0  ,0  ,-1 ,-1 ],
    [0  ,26 ,0  ,13 ,40 ,11 ,-1, -1 ],
    [27 ,0  ,0  ,0  ,9  ,0  ,1  ,-1 ],
    [-1 ,-1 ,0  ,0  ,18 ,0  ,0  ,-1 ],
    [-1 ,-1 ,-1 ,-1 ,0  ,7  ,0  ,0  ],
    [-1 ,-1 ,-1 ,-1 ,-1 ,-1 ,5  ,0  ]  
]

[[32  ,33 ,35 ,36  ,37  ,-1 ,-1 ,-1 ],[31  ,34  ,24 ,22 ,38  ,-1 ,-1 ,-1 ],[30  ,25  ,23  ,21 ,12  ,39  ,-1 ,-1 ],[29  ,26 ,20  ,13 ,40 ,11 ,-1, -1 ],[27 ,28  ,14  ,19  ,9  ,10  ,1  ,-1 ],[-1 ,-1 ,15  ,16  ,18 ,8  ,2  ,-1 ],[-1 ,-1 ,-1 ,-1 ,17  ,7  ,6  ,3  ],[-1 ,-1 ,-1 ,-1 ,-1 ,-1 ,5  ,4  ] ]
[   
    [32  ,33 ,35 ,36  ,37  ,-1 ,-1 ,-1 ],
    [31  ,34  ,24 ,22 ,38  ,-1 ,-1 ,-1 ],
    [30  ,25  ,23  ,21 ,12  ,39  ,-1 ,-1 ],
    [29  ,26 ,20  ,13 ,40 ,11 ,-1, -1 ],
    [27 ,28  ,14  ,19  ,9  ,10  ,1  ,-1 ],
    [-1 ,-1 ,15  ,16  ,18 ,8  ,2  ,-1 ],
    [-1 ,-1 ,-1 ,-1 ,17  ,7  ,6  ,3  ],
    [-1 ,-1 ,-1 ,-1 ,-1 ,-1 ,5  ,4  ]  
]
************************************************************************************************

________________________________________Caso de la libreta______________________________________
[[0,13,0,0],[0,12,1,0],[16,0,6,8],[3,0,5,7]]


[
    [0  ,13 ,0  ,0  ],
    [0  ,12 ,1  ,0  ],
    [16 ,0  ,6  ,8  ],
    [3  ,0  ,5  ,7  ]
]
_____________________________________Caso de la libreta lleno______________________________________
[[14,13,11,10],[15,12,1,9],[16,2,6,8],[3,4,5,7]]
[
    [14 ,13 ,11 ,10 ],
    [15 ,12 ,1  ,9  ],
    [16 ,2  ,6  ,8  ],
    [3  ,4  ,5  ,7  ]
]
**************************************************************************************************

[[-1 ,-1,-1 ,-1,-1],
 [-1 , 1 ,2 ,3, -1],
 [-1 , 5 ,4 ,8, -1],
 [-1 , 6 ,7 ,9, -1],
 [-1 ,-1,-1,-1,-1]]

_____________________________________Caso 1______________________________________
[[1,2,3,4,5,6,7],[14,13,12,11,10,9,8],[15,16,17,18,19,20,21],[28,27,26,25,24,23,22],[29,30,31,32,33,34,35]]
[
    [1,2,3,4,5,6,7],
    [14,13,12,11,10,9,8],
    [15,16,17,18,19,20,21],
    [28,27,26,25,24,23,22],
    [29,30,31,32,33,34,35]
]

[[1,0,0,0,0,0,0],[0,13,12,11,10,9,8],[15,0,0,0,0,0,21],[0,27,26,25,24,23,22],[29,0,0,0,0,0,35]]
[
    [1,0,0,0,0,0,0],
    [0,13,12,11,10,9,8],
    [15,0,0,0,0,0,21],
    [0,27,26,25,24,23,22],
    [29,0,0,0,0,0,35]
]

_____________________________________Caso 2______________________________________
[[1,  2,  3,  -1, 5,  6,   8],[-1 , 14, 13,  4, 11,  7,  9],[15, 16, 17, 12, 19, 10, 21],[-1, 29, 28, 18, 25, 20, 22],[30, -1, 27, 26, 24, 23, -1]]

[
    [1,  2,  3,  -1, 5,  6,   8],
    [-1, 14, 13,  4, 11,  7,  9],
    [15, 16, 17, 12, 19, 10, 21],
    [-1, 29, 28, 18, 25, 20, 22],
    [30, -1, 27, 26, 24, 23, -1]
]

[[1,0,0,-1,0,0,0],[-1,0,0,0,0,7,0],[15,16,0,12,0,0,0],[-1,0,0,18,0,0,0],[30,-1,27,0,24,0,-1]]
[
    [1,  0,  0,  -1, 0,  0, 0  ],
    [-1, 0,  0,  0,  0,  7, 0  ],
    [15, 16, 0,  12, 0,  0, 0  ],
    [-1, 0,  0,  18, 0,  0, 0  ],
    [30, -1, 27, 0,  24, 0, -1 ]
]
