___________________________________tablero 1___________________________________
[[0,  0, 0,  0,  0 ],[1,  0, 0,  0, -1 ],[0,  0, 0,  0, -1 ],[0,  0, 17,  0, -1 ]]

**********semilla**********
[
    [0,  0, 0,  0,  0 ],
    [1,  0, 0,  0, -1 ],
    [0,  0, 0,  0, -1 ],
    [0,  0, 17,  0, -1 ]
]
**********generado**********
**********solucion**********


___________________________________tablero 2___________________________________
[[0, 0  , 0,  0, 0,  0,  0 ],[0, 0  , 1,  0, 0,  0, -1 ],[0, -1 , 0,  0, 0,  0, -1 ],[0, -1 , 0,  0, 0,  0, -1 ],[0, -1 , 0,  0, 40, 0,  0 ],[0, 0  , 0,  0, 0,  0,  0 ],[0, 0  , -1,-1,-1,  0,  0 ]]

[
    [0, 0  , 0,  0, 0,  0,  0 ],
    [0, 0  , 1,  0, 0,  0, -1 ],
    [0, -1 , 0,  0, 0,  0, -1 ],
    [0, -1 , 0,  0, 0,  0, -1 ],
    [0, -1 , 0,  0, 40, 0,  0 ],
    [0, 0  , 0,  0, 0,  0,  0 ],
    [0, 0  , -1,-1,-1,  0,  0 ],
]

___________________________________tablero 3___________________________________
[[0 ,  0 , 0,   0,  0,  0,  0,  0,  0 ],[0 ,  0 , 0,   0,  0,  0, -1, -1, -1 ],[0 ,  -1, 0,   0,  0,  0, -1, -1, -1 ],[0 ,  -1, 0,   0,  0,  0, -1, -1, -1 ],[0 ,  -1, 0,   0,  84, 0,  0,  0,  0 ],[0 ,  0 , 0,   0,  0,  0,  0,  0,  0 ],[0 ,  0 , -1, -1,  0,  0,  0,  0,  0 ],[0 ,  0 , -1, -1,  0,  0,  0,  0,  0 ],[0 ,  0 , -1, -1, -1,  0,  0,  0,  0 ],[0 ,  0 , -1, -1, -1,  0,  0,  0,  0 ],[0 ,  0 , -1, -1, -1,  0,  1,  0,  0 ],[0 ,  0 , -1, -1, -1,  0,  0,  0,  0 ],[-1, -1 , -1, -1, -1,  0,  0,  0,  0 ]]

[
    [0 ,  0 , 0,   0,  0,  0,  0,  0,  0 ],
    [0 ,  0 , 0,   0,  0,  0, -1, -1, -1 ],
    [0 ,  -1, 0,   0,  0,  0, -1, -1, -1 ],
    [0 ,  -1, 0,   0,  0,  0, -1, -1, -1 ],
    [0 ,  -1, 0,   0,  84, 0,  0,  0,  0 ],
    [0 ,  0 , 0,   0,  0,  0,  0,  0,  0 ],
    [0 ,  0 , -1, -1,  0,  0,  0,  0,  0 ],
    [0 ,  0 , -1, -1,  0,  0,  0,  0,  0 ],
    [0 ,  0 , -1, -1, -1,  0,  0,  0,  0 ],
    [0 ,  0 , -1, -1, -1,  0,  0,  0,  0 ],
    [0 ,  0 , -1, -1, -1,  0,  1,  0,  0 ],
    [0 ,  0 , -1, -1, -1,  0,  0,  0,  0 ],
    [-1, -1 , -1, -1, -1,  0,  0,  0,  0 ]
]
